10001,Merle
10002,Eugine
10003,Kaja
10004,Selia
10005,Janey
10006,Carly
10007,Jackie
10008,Gretal
10009,Philis
10010,Jenda
10011,Stevana
10012,Leeanne
10013,Lolita
10014,Linet
10015,Mathilda
10016,Lily
10017,Teriann
10018,Harrietta
10019,Nonnah
10020,Adore
10021,Gwenneth
10022,Meg
10023,Jasmina
10024,Cecile
10025,Arlina
